25 0.400000 0.280000
26 0.412000 0.568400
27 0.424360 0.865452
28 0.437091 1.171415
29 0.450203 1.486558
30 0.463710 1.811154
31 0.477621 2.145489
32 0.491949 2.489853
33 0.506708 2.844549
34 0.521909 3.209885
35 0.537566 3.586182
36 0.553693 3.973767
37 0.570304 4.372980
38 0.587413 4.784169
39 0.605036 5.207694
40 0.623187 5.643925
41 0.641882 6.093243
42 0.661139 6.556040
43 0.680973 7.032721
44 0.701402 7.523702
45 0.722444 8.029413
46 0.744118 8.550296
47 0.766441 9.086804
48 0.789434 9.639408
49 0.813117 10.208590
50 0.837511 10.794848
51 0.862636 11.398693
52 0.888515 12.020654
53 0.915171 12.661273
54 0.942626 13.321111
55 0.471313 13.651030
56 0.471313 13.980949
57 0.471313 14.310868
58 0.471313 14.640787
59 0.471313 14.970706
60 0.471313 15.300625
61 0.607168 15.907793
62 0.607168 16.514961
63 0.607168 17.122128
64 0.607168 17.729296
65 0.607168 18.336464
66 0.607168 18.943631
67 0.607168 19.550799
68 0.607168 20.157967
69 0.607168 20.765135
70 0.607168 21.372302
71 0.607168 21.979470
72 0.607168 22.586638
73 0.607168 23.193805
74 0.607168 23.800973
75 0.607168 24.408141
76 0.607168 25.015308
77 0.607168 25.622476
78 0.607168 26.229644
79 0.607168 26.836811
80 0.607168 27.443979
81 0.607168 28.051147
82 0.607168 28.658314
83 0.607168 29.265482
84 0.607168 29.872650
85 0.607168 30.479817
86 0.607168 31.086985
87 0.607168 31.694153
88 0.607168 32.301320
89 0.607168 32.908488
90 0.607168 33.515656
91 0.607168 34.122823
92 0.607168 34.729991
93 0.607168 35.337159
94 0.607168 35.944326
95 0.607168 36.551494
96 0.607168 37.158662
97 0.607168 37.765829
98 0.607168 38.372997
99 0.607168 38.980165
100 0.607168 39.587332
